#alpha source 
s:So/alpha/Type="Beam"
s:So/alpha/Parent="World"
s:So/alpha/BeamParticle="alpha"
s:So/alpha/Component="BeamPosition"
s:So/alpha/BeamEnergySpectrumType = "Continuous"
dv:So/alpha/BeamEnergySpectrumValues = 195 2.6312564866584087 2.7035722655596106 2.748769627372862 2.7758880444608125 2.798486725367438 2.821085406274064 2.834644614818039 2.85272355954334 2.87080250426864 2.890818478785937 2.9078643409555065 2.9159998660818913 2.934078810807192 2.945830124878637 2.9548695972412875 2.963909069603938 2.9729485419665878 2.981988014329238 2.988315644983093 2.9982590645820086 3.007298536944659 3.0163380093073093 3.0253774816699592 3.0344169540326096 3.04345642639526 3.0524958987579103 3.0633432655930903 3.071607926038942 3.078710368609596 3.0877498409722457 3.0976932605711616 3.1067327329338115 3.115772205296462 3.1269208878770636 3.1356590444942922 3.1446985168569426 3.153737989219593 3.1600656198734476 3.169105092236098 3.1781445645987483 3.189121066753395 3.205262981686699 3.225278956203996 3.245940607318625 3.2833898499638905 3.3159965181291646 3.358934011851753 3.3770129565770537 3.3851484817034385 3.4041313736650043 3.4202732885983083 3.431249790752955 3.43938531587934 3.4538484716595805 3.4583682078409055 3.467407680203556 3.473735310857411 3.4827747832200613
3.4918142555827116 3.5008537279453615 3.509893200308012 3.5148649101074696 3.5261642505607824 3.5352037229234328 3.544243195286083 3.553282667648733
3.5623221400113834 3.57437476982825 3.5822089792092138 3.591248451571864 3.596220161371322 3.6075195018246347 3.6195721316415015 3.627406341022465 3.6364458133851154 3.6454852857477658 3.657236599819211 3.6662760721818612 3.6753155445445116 3.6843550169071615 3.693394489269812 3.701530014396197 3.7205129063577624 3.738591851083063 3.756670795808364 3.774749740533664 3.796057068245625 3.8199471023469154 3.838929994308481 3.8683728471468273 3.900656677013435 3.955539187786669 4.0323747028691965 4.131808898858349 4.2312430948475015 4.330677290836654 4.4301114868258065 4.529545682814959 4.628979878804111 4.728414074793264 4.827848270782417 4.92728246677157 5.0131574542167465 5.0809534969366235 5.1397100672938505 5.193946901469752 5.243663999464328 5.288861361277579 5.3340587230908305 5.374736348722757 5.410894238173357 5.447052127623959 5.489021106450548 5.5251789959011495 5.560045532157086 5.594912068413024 5.624613191890302 5.658188374951575 5.68659814523419 5.713716562322141 5.740834979410091 5.767953396498042 5.795071813585992 5.822190230673943 5.849308647761894 5.876427064849845 5.903545481937796 5.93195525222041 5.965530435281683 5.995231558758962 6.033111252469116 6.070775720646825 6.098798084971041 6.134052027185376 6.170209916635978 6.210887542267904 6.256084904081155 6.3058020020757315 6.369078308614283 6.45495329605946 6.554387492048613 6.653821688037765 6.735176939301618 6.793933509658844 6.84365060765342 6.8888479694666716 6.929525595098598 6.965683484549198 7.0018413739998 7.0379992634504 7.071897284810339
7.116341357260036 7.1484099615942 7.179402438266143 7.2142689745220805 7.250426863972681 7.2852934002286185 7.314994523705897 7.3498610599618335 7.386018949412435 7.4234681920577 7.459626081508301 7.499012353945563 7.544209715758814 7.570682456249433 7.616525494660016 7.652683384110617 7.688841273561218 7.729518899193144 7.774716261006395 7.824433359000971 7.874150456995547 7.923867554990124 7.978104389166026 8.036860959523253 8.10465700224313
8.181492517325655 8.271887240952157 8.371321436941312 8.470755632930462 8.570189828919617 8.669624024908767 8.769058220897922 8.868492416887076 8.967926612876226 9.06736080886538 9.166795004854531 9.266229200843686 9.365663396832836 9.46509759282199 9.564531788811141 9.663965984800296 9.763400180789446 9.8628343767786 9.948709364223777 MeV
uv:So/alpha/BeamEnergySpectrumWeights = 195 0.000144000892580073 0.000362091229028676
0.000571788755091902 0.000801260825366357 0.00103567653169362 0.00129002561391252 0.00150193685652148 0.00175873790280673 0.00209444189532971 0.00246670742800075 0.00276785115954887 0.00309150776911264 0.00341392284437453 0.00372897342405468 0.00399616007684284 0.00427132007998765 0.00455644677107828 0.00484157346216891 0.00509876960225918 0.0053639708590422 0.00566504425084613 0.00597409099300673 0.00628513107275649 0.00659218447732792 0.00689325786913186 0.00720629128647076 0.00747150048483779 0.00780332142094538 0.00812943689619019 0.00844512809698129 0.00877943172352201 0.00908449179050429 0.00937958516954076 0.00969795268414684 0.0100156345753324 0.0102848145657098 0.0105460212057304 0.0108161740401502 0.0110579456386766 0.0112822755332977 0.0115803047457698 0.0119660624624357 0.0123167335045575 0.0126557824166358 0.0128867690604342 0.0130089694754808 0.0127091002263539 0.0124800252352805 0.0122443845396181 0.0119495373496863 0.0115709450217455 0.0112844991768235 0.0110189584173236 0.0107971605644077 0.0105646442202587 0.0103180481094398 0.0100544848043611 0.00978745698325333 0.00951843582455642 0.00924742132827039 0.00895846679368179 0.00869638657941886 0.0084403419690116 0.00815138743442307 0.00785246621188867 0.00755155165176514 0.00725063709164161 0.00693280563395698 0.00661493711554687 0.00633196259372581 0.00607087904825746 0.0058078577562881 0.00550464410759062 0.00519009781849577 0.00493303668533385 0.00467398221458276 0.00443189493809162 0.00418529882727281 0.00394617773241336 0.00371453165351327 0.00348786891858609 0.00324325820377243 0.00296070326230712 0.0025954168693075 0.00224341939356898 0.001934610898929 0.00164030619481993 0.0013735512238489 0.00113950083038657 0.000880625612531953 0.000643132542396723 0.000404651501392265 0.000192552849433117 0.0000756382934066103 0.0000484239288924742 0.0000538278158373865 0.0000764468910523432 0.000121717529780527 0.000186921544400348 0.000283837747938683 0.000421526765800827 0.000610861348473124 0.000823407917803729 0.00102938849891733 0.00123896784664692 0.00146037259115381 0.00168206985067212 0.00190572073985949 0.00214731166734934 0.00238637121493263 0.00261093935707438 0.00283799917120258 0.00307899221086689 0.00333844376081901 0.00358649346514159 0.00384166223228261 0.00409678561894351 0.00434340016558238 0.0045809518521711 0.00481042392244554 0.00502992930477418 0.00525109580176046
0.00547724564271963 0.00570837882765173 0.00593286755395327 0.006165661853543 0.00638848946518691 0.00663102449574853 0.00687906285495109 0.00712849099135724 0.00740013917562538 0.00769393366447535 0.00790879586734659 0.00816624613812556 0.00838832260828085 0.00861940880550749 0.00886099973299736 0.00907970698613188 0.00930202170380781 0.00949644702232781 0.00955983891186658 0.00945017285616431 0.00923796290170188 0.00902419531382811 0.00880636163493578 0.00857353821620468 0.00835014344310196 0.00813119397165472 0.00790726115623465 0.00767336165286869 0.00739957554375944 0.00709515146529753 0.00685813110849686 0.00661920288067791 0.00636927414085046 0.00609924539368094 0.00584557914587381 0.00560379194780746 0.00535386320798001 0.0050888178047834 0.00482164802786129 0.00456283180463082 0.00431448523633413 0.00403249282373696 0.00380064395081635 0.00354974378508638 0.00332830264165273 0.0031168281861649 0.00288795173469199 0.00264117495283671 0.00238879008906556 0.00216564084326882 0.00193950159108834 0.00172071095132155 0.00150101081109908 0.00128411906079722 0.00106801863261739 0.000855888093995137 0.000659240034402084 0.000507895101835474 0.000389168420727911 0.000299435740917273 0.000232354624619864 0.000179770508970914 0.000144401581592017 0.00011718721707788 0.0000972213528879751 0.0000908464268060085 0.000089907875967211 0.0000826268873447152 0.0000835004615869775 0.0000789376605860656 0.0000752809221256864 0.0000761544963679487 0.000076908946849904


s:So/alpha/BeamPositionDistribution="Gaussian"
s:So/alpha/BeamPositionCutoffShape ="Ellipse"
d:So/alpha/BeamPositionCutoffX =0.1 mm
d:So/alpha/BeamPositionCutoffY =0.1 mm
d:So/alpha/BeamPositionSpreadX=0.03 mm
d:So/alpha/BeamPositionSpreadY=0.03 mm
s:So/alpha/BeamAngularDistribution="None"
dc:Ge/alpha/TransX = 0. cm
dc:Ge/alpha/TransY = 0. cm
dc:Ge/alpha/TransZ = 0. cm
